outcome
0.4056314684
-0.7938889637
1.291416007
-0.241405327
-0.1028663478
0.1577496992
0.5924636053
0.6390714872
0.8211867387
0.0728134477
0.7079749366
-0.0159528664
-0.1830262429
-0.4876966641
-1.2202766493
0.2828271748
-0.2868470231
-0.2579488911
-0.6774368254
0.7360718749
0.3592691209
0.816873203
-0.0079522758
0.0372294117
-0.5876712499
0.2838589116
-0.6053553416
-1.2054969853
0.2433656226
0.1574343858
-0.2184754899
-0.4305646402
0.5610684613
0.1771909073
0.7098451211
-0.8313384726
1.2454182731
0.7479619766
-0.5492737338
-1.1436021303
0.2770022173
0.1331933654
1.6301925204
-0.0069418094
1.449816635
1.4909478566
-0.9627961105
-0.1187139305
-0.0231125695
-1.178037769
-0.2150271956
0.5520828464
-0.5707112823
-0.000598167
0.0196553253
-0.6764419863
0.1255652401
-0.4599624443
0.5700865267
1.1872888916
0.3414523786
0.8155030256
0.1138092189
0.3518059698
-0.3996677578
-0.7771510123
1.2782886623
0.7451020169
-0.1723629954
-0.2501937855
0.5017648713
0.3066248493
0.1454905415
-0.1238492522
0.0304202331
-0.6466709416
0.0174327168
-0.1557173488
-1.2546082261
0.1256674783
-0.4468491864
-0.4707994248
-0.0263485549
-0.9953059215
0.3092762038
0.4199165907
0.0355249568
0.970533308
-0.7655622556
-1.0388779484
0.4814398381
0.0387228589
0.093945879
0.5830984195
-0.0535040572
-0.2661488649
-1.7568686988
-0.0520363043
0.6150030145
0.1135693909
-0.4139211106
-0.3439799769
-0.1777454705
-0.2958652088
0.2682533354
-1.6556380297
-0.1926784315
-0.1381701218
-0.5107093721
-0.2157588522
-0.2439353157
0.1914044636
0.1394419945
-0.4957260554
0.3489292388
1.0418511722
-0.2733695319
0.6151702784
0.3122154659
0.4162455227
-0.7551533646
-0.2083557312
-0.1780119438
0.5609775148
-0.1840779854
-0.6114817529
-0.1789875455
0.6755386525
-1.1375165048
-0.3539004733
0.9760919156
-0.2379847979
-0.8519320606
-0.3895255302
0.2405594076
-0.2210752852
-0.4476062234
0.574175149
0.4501148862
-0.4083183698
-0.5915966126
-0.4900555942
0.5047823666
0.7929539616
-0.7737498065
-0.0474523153
0.4215061675
-0.7414201136
-1.2003101892
1.3811509984
-0.3239859425
0.6658794834
-1.085730132
-0.4207052202
-0.5070202079
0.727412718
0.2835564981
-0.2317720696
-0.0013276501
0.1139116753
0.3277012244
0.0435150941
0.7635542694
-0.0213105849
-0.8644807176
0.6080441734
0.604542395
-1.0915563823
0.1373058395
-0.6549824748
-1.3415904752
-1.392705267
1.291286997
0.3303155043
-0.2775516769
-0.2614985763
0.3666013037
0.5839312015
0.6011468251
1.0311987259
-0.3160057085
0.2702531801
1.0636928907
-0.1893385988
-1.2736142985
1.3832111855
-0.3193605527
0.9987543534
0.0316020767
-0.4510682762
0.7140361726
-1.9961692613
-0.7108410792
0.2273402403
1.4921447879
-0.5962251792
-0.7786978845
-0.0806855834
-0.1246067919
0.8826808853
0.7279793179
0.990352666
0.0590614996
-0.2556216669
0.8556847351
-0.5503409997
-0.2573410251
1.181339351
-1.7950031884
0.53849657
0.4635975231
-0.00037396
0.3400327583
-1.1711356956
-0.2301101701
-0.1245134974
-0.0705579814
0.7180702821
0.5950247846
-0.1209763338
-0.0038627644
-0.1356809753
-0.5567651694
-0.3828991459
-0.0843227487
1.5312348081
-0.3774985555
-0.2446741368
0.2446523286
0.0215767394
0.4468165437
-0.2786447301
-0.3823600736
-0.4688010063
-0.368703217
0.7517880605
0.1263214599
1.4115695977
0.9881993535
-0.6743450589
-1.036494813
-0.3398266897
-0.4285225317
-0.5568829135
-0.4838833896
0.1244409345
0.7486889366
-0.6950376164
-0.6534530086
0.4121423958
0.0346053401
-0.3338018801
0.2474141483
-0.7196822814
0.7949572102
-1.1436529627
0.5338510074
0.7053674052
1.0988171126
0.6322008593
-0.2172158491
0.5368150877
0.6614877482
-0.3037425235
0.0529973024
0.2695306095
-0.0001268998
-0.1304606884
0.4489720614
-0.1434019967
-0.1198518415
-1.0142700166
1.310075658
-0.4459383489
-0.266233157
-0.8850819371
0.8331837426
-0.2969917313
-0.853668747
-0.0338178276
0.0341998656
-1.5377456878
-0.6639368205
-0.0408634374
-0.0861917084
0.0470419678
0.6215607522
-0.2679957866
-0.0766869431
-1.8798257381
0.7530892458
-0.3495693356
-1.6097056674
0.1794928309
0.4716558493
-0.5053871158
0.3653894135
0.3425294861
0.2279129721
-0.3569345208
-1.2276944619
1.2299727862
-0.4059661377
-0.6798865842
-1.0836452034
-0.65693881
0.4611801451
0.6780561178
0.8710562559
-0.5273201651
-0.7055171075
0.3528773689
0.1973002643
-0.0637809265
-0.6208003001
0.3322793758
-1.3424646277
-0.3100200328
0.2112924688
-0.3488871453
0.1660901578
1.3322292203
0.8043086672
0.0609850717
-0.772979601
-0.4938858914
0.2027808918
0.0071049448
0.3514255301
-0.9927225696
-0.5436246972
-0.7399516026
-0.3828494316
-0.6627181751
-0.0113771697
0.3883862785
0.4791707942
0.0103760234
-0.6970075966
-0.1213854909
-0.0039769871
0.3223720702
-0.0965498429
-0.0831410566
0.2033924425
-0.5655154529
-0.1951291066
-1.5949718634
0.2019625917
1.6423506306
-0.9589381637
-0.4360845411
-0.7263892673
-0.0188131686
0.278322724
0.2085341623
-0.0963439942
0.2136823444
0.6942219063
1.0517025507
0.2959676474
0.5204480672
-0.8430533067
0.0680847291
-0.4706186955
-0.4725167123
0.739391864
-0.0397678876
-0.1000872515
-1.3402237346
0.3319730807
1.8575372465
-0.8728501782
-0.0165008334
0.1076100795
2.0355228195
-0.7434375736
-0.650311501
0.6798380018
-0.9668227579
-0.2996452333
0.1527429826
0.9046141209
-0.5654424009
-0.5436760271
0.5287792253
-1.6412514455
1.4449419516
1.3636428566
-0.7987364041
0.9543071224
0.072939672
0.083171328
0.0475713483
1.2109360483
-0.6060058275
1.1426891648
-0.1620549278
1.0765846685
0.009493508
-0.3355638276
0.3647719261
-0.5162189197
0.3306917904
0.3024489161
-0.2855588159
1.0239420599
0.8991974559
-0.7387580384
-0.3698248224
-1.542101644
0.8053873726
-0.3189962243
0.7391459588
0.0628184827
0.3685363579
-0.7972231404
0.7907935518
-0.817507257
-1.5372721072
-0.634319232
0.0285052448
-0.4579606448
-0.9942548285
0.5907379901
0.0428080733
-0.2668462911
-0.5230040257
0.1865493778
-0.4468660536
0.5227696056
0.9375585146
-0.7981059314
-1.2243286018
-1.031272671
-0.2268355952
0.3902727682
-0.2851566028
-0.8496382664
-0.1673936685
1.1569171954
-0.0544340163
0.2331809352
-0.7301500012
-0.4818459679
0.1817322031
-0.8298408924
0.0800515321
1.1359142657
0.2890011946
1.1785569356
0.4902697883
-0.5216024161
1.141734907
0.1455037853
1.7834413057
0.4922414774
-0.166664419
-0.6508956457
-0.0918494878
-0.3705561023
1.064138677
-0.3954964471
-0.4880986561
0.3514904686
-0.3375252633
0.3658211345
-0.6747324322
-0.5094419013
0.5598162166
1.4760079462
0.7739926393
-0.9690985123
0.1421374304
0.0324860684
-0.3515245036
0.9040254367
-0.6133704613
-0.7718724439
0.7214187856
-0.9745873415
0.3095109662
0.3307577959
0.3961141563
0.5623844713
0.1479286248
0.3744223544
-0.3672748357
-0.6982549381
0.7204566908
-0.3957623845
-0.2984112027
-0.1227974273
-0.7985676538
-0.3792987819
-0.9745359039
0.4246501864
0.5964029601
-0.1574806056
0.1152003787
